list(parallel_chains = 4, seed = 20230405)
