list(seed = 20230405)
